4,348348348348348E+29 + 4,348348348348348E+29 = 8,696696696696697E+29
8,696696696696697E+29 + 8,696696696696697E+29 = 1,7393393393393393E+30
1,7393393393393393E+30 + 1,7393393393393393E+30 = 3,4786786786786786E+30
3,4786786786786786E+30 + 3,4786786786786786E+30 = 6,957357357357357E+30
6,957357357357357E+30 + 6,957357357357357E+30 = 1,3914714714714714E+31
1,3914714714714714E+31 + 1,3914714714714714E+31 = 2,782942942942943E+31
2,782942942942943E+31 + 2,782942942942943E+31 = 5,565885885885886E+31
5,565885885885886E+31 + 5,565885885885886E+31 = 1,1131771771771772E+32
2 + 2 = 4
8 + 8 = 16
